S (1)
  - P (1)
    - O (true)
      - L (3, 7.5, 4.96104599, 6.13051605)
      - L (4.96104599, 6.13051605, 5.17522807, 6.41448924)
      - L (3.12555455, 7.84586566, 5.17522807, 6.41448924)
      - A (3.12555455, 7.84586566, 1.60133961, 7.24170379, 2.58863453, 6.97566865, 0.52510021, 0.8510404, 1.02250963, 0, 1.860422)
      - L (-0.35, 0, 1.60133961, 7.24170379)
      - L (-0.35, 0, 0, 0)
      - L (0, 0, 1.92884696, 7.1582303)
      - A (3, 7.5, 1.92884696, 7.1582303, 2.57445348, 6.98426605, 0.6364417, 0.77132481, 0.66863394, 0, 1.99746534)
  - T (0, 0, 0, 1, 0, 0, 0, 0, -1, 0, 1, 0)
E (1, 1, New, One, 2, 0)
S (2)
  - P (2)
    - O (true)
      - L (0, -1.83452104, 0, 0.55737939)
      - L (-0.50681447, 0.55737939, 0, 0.55737939)
      - L (-0.11031486, -1.83452104, -0.50681447, 0.55737939)
      - L (-0.11031486, -1.83452104, 0, -1.83452104)
  - P (3)
    - O (true)
      - L (-2, -1.83452104, -0.11031486, -1.83452104)
      - L (-0.11031486, -1.83452104, -0.50681447, 0.55737939)
      - L (-0.50681447, 0.55737939, -2, 0.55737939)
      - L (-2, 0.55737939, -2, -1.83452104)
  - P (4)
    - O (true)
      - L (0, -2.5, -0.11031486, -1.83452104)
      - L (-2, -1.83452104, -0.11031486, -1.83452104)
      - L (-2, -1.83452104, -2, -2.5)
      - L (-2, -2.5, 0, -2.5)
  - P (5)
    - O (true)
      - L (-0.11031486, -1.83452104, 0, -1.83452104)
      - L (0, -2.5, -0.11031486, -1.83452104)
      - L (0, -2.5, 0, -1.83452104)
  - T (4.50406768, 0, -6.44964394, 0, -1, 0, 0.81986941, 0, 0.57255057, -0.57255057, 0, 0.81986941)
E (5, 2, Cut, One, -0.5, 0)
E (2, 2, Cut, One, -0.5, 0)
S (3)
  - P (6)
    - O (true)
      - L (0.50681447, -8.23748629, 0.50681447, -7.88179719)
      - L (0.50681447, -8.23748629, 2, -8.23748629)
      - L (2, -8.23748629, 2, -7.88179719)
      - L (2, -7.88179719, 0.50681447, -7.88179719)
  - P (7)
    - O (true)
      - L (0, -7.88179719, 0, -8.23748629)
      - L (0, -8.23748629, 0.50681447, -8.23748629)
      - L (0.50681447, -8.23748629, 0.50681447, -7.88179719)
      - L (0.50681447, -7.88179719, 0, -7.88179719)
  - T (0.21493551, 0, 0.16211156, 0, 1, 0, -0.60216095, 0, 0.79837472, 0.79837472, 0, 0.60216095)
E (7, 3, Cut, One, -0.02, 0)
S (4)
  - P (8)
    - O (true)
      - L (0, -2.5, 0.09254165, -1.94173865)
      - L (0, -1.94173865, 0.09254165, -1.94173865)
      - L (0, -2.5, 0, -1.94173865)
  - T (4.50406768, 0, -6.44964394, 0, 1, 0, 0.81986941, 0, 0.57255057, 0.57255057, 0, -0.81986941)
E (8, 4, Cut, One, -0.4, 0)